maf_0.01	maf_0.05	maf_0.1	maf_0.2	maf_0.3	maf_0.4
maf_0.01	1	0.979	0.962	0.93	0.89	0.795
maf_0.05	0.979	1	0.988	0.958	0.914	0.819
maf_0.1	0.962	0.988	1	0.973	0.931	0.833
maf_0.2	0.93	0.958	0.973	1	0.961	0.864
maf_0.3	0.89	0.914	0.931	0.961	1	0.907
maf_0.4	0.795	0.819	0.833	0.864	0.907	1
