miss_0.05	miss_0.1	miss_0.2	miss_0.4	miss_0.6	miss_0.8	miss_1
miss_0.05	1	0.888	0.862	0.851	0.843	0.843	0.843
miss_0.1	0.888	1	0.966	0.949	0.943	0.942	0.942
miss_0.2	0.862	0.966	1	0.983	0.977	0.977	0.977
miss_0.4	0.851	0.949	0.983	1	0.995	0.995	0.995
miss_0.6	0.843	0.943	0.977	0.995	1	1	1
miss_0.8	0.843	0.942	0.977	0.995	1	1	1
miss_1	0.843	0.942	0.977	0.995	1	1	1
